1 2 3 4 5 6 7 8 9 10 
1 2 3 4 5 6 7 8 10 9 
1 2 3 4 5 6 8 7 10 9 
1 2 3 4 5 6 8 10 7 9 
1 2 3 4 5 8 6 7 10 9 
1 2 3 4 5 8 6 10 7 9 
1 2 3 4 5 8 10 6 7 9 
1 2 3 4 6 8 5 10 7 9 
1 2 3 4 6 8 10 5 7 9 
1 2 3 4 8 5 6 10 7 9 
1 2 3 4 8 5 10 6 7 9 
1 2 3 4 8 6 5 10 7 9 
1 2 3 4 8 6 10 5 7 9 
1 2 3 4 8 10 6 5 7 9 
1 2 3 8 4 6 10 5 7 9 
1 2 3 8 4 10 6 5 7 9 
1 2 4 3 8 6 10 5 7 9 
1 2 4 3 8 10 6 5 7 9 
1 2 4 6 8 10 3 5 7 9 
1 2 4 8 3 6 10 5 7 9 
1 2 4 8 3 10 6 5 7 9 
1 2 4 8 6 3 10 5 7 9 
1 2 4 8 6 10 3 5 7 9 
1 2 4 8 10 6 3 5 7 9 
1 2 8 4 6 10 3 5 7 9 
1 2 8 4 10 6 3 5 7 9 
1 3 4 2 8 5 10 6 7 9 
1 3 4 2 8 6 5 10 7 9 
1 3 4 2 8 6 10 5 7 9 
1 3 4 2 8 10 6 5 7 9 
1 3 4 5 6 2 8 10 7 9 
1 3 4 5 6 7 8 2 10 9 
1 3 4 5 6 7 8 10 2 9 
1 3 4 5 6 8 7 10 2 9 
1 3 4 5 6 8 10 7 2 9 
1 3 4 5 8 6 7 10 2 9 
1 3 4 5 8 6 10 7 2 9 
1 3 4 5 8 10 6 7 2 9 
1 3 4 6 8 5 10 7 2 9 
1 3 4 6 8 10 5 7 2 9 
1 3 4 8 5 6 10 7 2 9 
1 3 4 8 5 10 6 7 2 9 
1 3 4 8 6 5 10 7 2 9 
1 3 4 8 6 10 5 7 2 9 
1 3 4 8 10 6 5 7 2 9 
1 3 8 4 6 10 5 7 2 9 
1 3 8 4 10 6 5 7 2 9 
1 4 3 8 6 10 5 7 2 9 
1 4 3 8 10 6 5 7 2 9 
1 4 6 8 10 3 5 7 2 9 
1 4 8 3 6 10 5 7 2 9 
1 4 8 3 10 6 5 7 2 9 
1 4 8 6 3 10 5 7 2 9 
1 4 8 6 10 3 5 7 2 9 
1 4 8 10 6 3 5 7 2 9 
1 8 4 6 10 3 5 7 2 9 
1 8 4 10 6 3 5 7 2 9 
3 4 6 8 1 10 5 7 2 9 
3 4 6 8 5 10 1 7 2 9 
3 4 6 8 10 1 5 7 2 9 
3 4 8 5 6 10 1 7 2 9 
3 4 8 5 10 6 1 7 2 9 
3 4 8 6 1 10 5 7 2 9 
3 4 8 6 5 10 1 7 2 9 
3 4 8 6 10 1 5 7 2 9 
3 4 8 10 6 1 5 7 2 9 
3 8 4 6 10 1 5 7 2 9 
3 8 4 10 6 1 5 7 2 9 
4 3 8 6 10 1 5 7 2 9 
4 3 8 10 6 1 5 7 2 9 
4 6 8 10 1 3 5 7 2 9 
4 8 3 6 10 1 5 7 2 9 
4 8 3 10 6 1 5 7 2 9 
4 8 6 3 10 1 5 7 2 9 
4 8 6 10 1 3 5 7 2 9 
4 8 10 6 1 3 5 7 2 9 
8 4 6 10 1 3 5 7 2 9 
8 4 10 6 1 3 5 7 2 9 
117368