5739
1705
1830
642
55130
1420
921
1334
672
467
1497
1043
19
234
28
41660
714
107
38
95
68896
106
63
680
17
45
98
855
1
72
403
271
805
628
57
39
46
24
31
24
42
325
54
34
4
709
2
4
53
61
21
102
51
36
79
43
55
15
13
103
270
73
18
18
94
50
570
73
46970
15
106
112
846
34
114
31
87
42
0
125
72
85
90
41
32
57
96
50
3
81
86
54
100
56
708
557
3
108
52
71
68
13
8
80
1
2
217
108
16
5
42
19
71
41
22
14
111
111
107
35
7
25
29
230
11
40
6
99
82
82
93673
26
103
63
93
34
12
91
98
36
131
34
70
19
95
53
11
10
30
40
23
13
89
0
9
3
11
0
40
22
33
13
25
21
32
4
14
24
6
45
13
10
9
42
100
174
15
3
1
14
121
42
33
17
100
17
110
22
42
40
22
5
12
12
19
34
17
9
2
10
19
12
16
191
73
31
64
23
98
23
10
15
104
6
38
9
18
6
25
31
16
14
34
11
33
17
40
37
19
39
28
27
19
2
102
25
38
11
37
7
2
70
89
110
4
85
30
2
47
21
1
13
3
10
63
2
11
23
31
11
41
18
6
12
34
25
11
124
21
4
92
96
14
20
84
43
18
35
100
8
16
24
32
46
19
10
36
23
79
13
9
105
24
357
15
40
17
22
89
8
40
21
17
144
74
98
15
130
35
27
42
109
84
4
28
18
50
1
34
24
18
14
12
23
40
27
21
114
14
29
17
20
8
50
1
28
127
10
6
33
29
33
14
29
24
23
27
22
109
19
110
39
0
15
22
18
37
23
88
19
27
20
37
37
26
18
9
21
96
24
16
35
19
27
25
6
16
21
5
1
88
38
10
16
6
72
26
18
115
12
147
4
41
1160
0
90
1
137
60
1
0
13
3
1
15
1
0
13
19
17
19
0
1
11
41
25
52
62
15
133
0
6
94
66
2
20
0
28
31
1
3
18
2
86
105
0
1
56
78
3
6
73
129
31
88
0
132
90
48
8
1
1
4
41
1
3
1
35
1
1
154
5
6
3
2
21
9
38
81
96
11
7
188
5
45
43
1
111
2
0
112
97
43
1
806
66
21
3
2
0
129
13
4
39
103
25
109
3
28
0
43
9
2
4
22
1
102
16
41
1
2
7
13
0
57
34
88
2
3
2
122
29
2
3
0
109
90
0
22
2
0
6
2
45
26
13
0
0
93
20
221
11
90
77
13
0
77
2
95
3
97
39
134
16
47
2
1
105
2
40
1
93
2
9
18
5
2
29
2
111
31
13
0
1
0
74
62
29
29
72
2
1
0
3
0
36
2
3
3
2
10
2
28
1
2
3
14
3
0
11
3
3
1
2
40
3
2
41
106
1
2
2
2
60
1
16
1
23
40
2
14
13
20
94
2
0
194
2
109
43
2
18
0
4
2
50
56
2
76
29
88
14
9
230
18
22
3
4
74
100
106
3
6
166
41
154
93
98
14
0
120
2
18
29
37
162
70
2
0
10
20
3
0
2
38
0
0
179
2
1
37
0
118
1
95
131
97
0
3
0
0
13
0
14
73
177
3
39
2
3
0
100
0
25
233
7
1
13
26
0
2
1
1
3
178
1
9
1
2
4
28
9
3
3
12
1
168
4
0
51
17
13
98
1
37
0
1
169
22
3
13
30
50
2
15
9
24
20
13
0
3
1
34
80
20
2
65
29
18
3
1
57
132
1
10
6
0
3
2
3
1
42
2
8
0
1
7
3
35
2
0
31
22
3
0
2
36
3
86
1
16
36
23
106
89
4
3
2
0
40
3
42
3
0
3
1
0
0
0
28
1
47
3
0
2
61
13
0
3
0
35
22
1
17
65
9
22
2
3
58
3
28
14
13
42
35
16
26
3
32
22
18
22
1
1
2
16
0
5
6
0
25
3
2
8
57
31
66
1
47
0
1
16
3
84
3
2
1
34
24
3
3
2
116
357
1
101
19
92
0
58
331
3
2
10
36
71
2
60
1
18
70
2
1
0
17
40
0
12
2
1
3
0
35
175
2
18
0
93
1
0
36
121
11
3
0
64
0
9
2
0
42
3
1
127
12
3
43
0
30
1
0
18
5
0
0
71
1
397
2
80
23
254
2
5
2
74
8
0
448
1
4
0
23
67
0
44
3
1
3
24
101
0
36
28
24
0
2
3
78
3
232
1
3
1
23
88
0
111
27
7
1
14
78
13
41
0
3
71
1
73
206
3
145
20
3
2
7
5
66
3
6
0
1
41
0
3
100
1
0
17
36
2
34
1160
1
12
1
0
2
3
1
84
3
9
1
94
3
111
3
31
104
3
97
3
4
2
58
4
63
21
13
17
4
15
1
48
26
22
2
1
62
114
32
29
5
3
32
25
2
32
2
1
0
2
31
0
9
2
1
14
15
11
24
0
3
3
5
3
34
42
18
104
19
24
100
105
1
2
6
7
33
17
3
44
12
3
0
1
15
26
1
1
2
17
2
23
20
10
41
0
54
3
27
3
4
87
2
2
2
6
1
14
1
26
111
15
27
0
19
111
20
154
6
1
15
18
3
54
27
1
8
9
1
1
3
5
3
14
18
54
31
1
3
78
13
1
3
200
0
3
24
6
31
22
21
177
3
17
33
31
1
1
0
17
4
0
2
42
0
3
0
2
1
7
5
9
18
2
12
0
23
2
20
13
21
3
4
2
0
5
1
4
30
3
3
0
1
12
3
4
0
3
8
0
29
9
8
28
2
19
10
3
4
1
7
3
0
0
0
1
24
17
0
6
190
98
13
48
3
1
3
24
2
39
75
6
35
33
9
115
2
3
3
3
0
3
1
6
3
7
22
4
9
0
7
22
1
3
2
0
29
12
3
1
1
30
1
49
10
2
3
7
22
4
34
11
24
1
3
1
30
10
20
0
19
34
24
2
19
5
24
0
3
112
3
5
22
0
26
2
27
1
0
53
0
0
34
0
103
2
26
2
0
0
3
5
19
23
0
83
3
3
0
3
5
25
0
79
18
86
7
21
11
1
8
0
5
1
3
11
2
3
24
2
34
29
31
2
3
19
2
9
4
3
3
3
93
44
30
62
1
209
1
56
71
3
0
4
26
1
2
1
1
27
120
9
31
2
2
2
1
0
6
2
1
1
10
0
0
3
3
0
0
1
7
1
5
5
23
4
55
3
31
71
120
18
22
361
1
28
14
1
3
2
18
19
1
0
24
22
9
4
397
0
2
27
2
12
12
1
46
9
23
15
4
25
5
0
3
245
2
2
3
199
8
1
92
3
10
1
1
0
0
3
15
0
8
0
18
7
54
115
127
2
9
15
11
33
32
2
1
0
26
0
17
0
3
7
11
15
100
3
10
25
1
13
1
2
390
2
379
55
0
1
1
24
2
24
9
0
0
21
1
29
0
6
12
21
0
64
19
3
0
3
0
3
0
13
1
39
21
3
23
27
2
27
2
1
7
6
0
22
24
30
0
15
7
119
1
3
46
16
11
1
41
2
15
3
0
1
51
1
32
23
4
13
31
2
2
1
12
0
20
86
13
30
3
28
1
2
32
0
10
0
0
18
2
28
0
2
13
100
1
13
110
18
2
45
9
35
13
2
27
3
18
3
4
7
18
63
10
21
17
17
52
2
3
7
1
0
6
8
21
48
0
0
1
19
8
0
2
14
14
19
6
19
3
1
11
58
0
0
0
1
0
0
34
2
572
22
34
3
8
16
1
176
0
2
29
29
3
3
2
17
16
2
13
3
1
0
0
71
20
0
1
6
26
1
2
25
157
1
11
0
14
0
0
100
1
1
3
1
30
4
190
1
3
17
42
15
2
2
1
1
21
7
1
0
40
0
0
3
4
9
3
21
3
15
2
62
9
1
181
1
55
205
33
2
3
13
1
2
0
12
9
11
2
87
0
29
28
3
8
0
11
1
0
1
4
0
85
0
16
8
2
14
55
26
3
16
4
911
0
13
47
0
5
3
1
2
3
1
8
16
6
3
117
34
2
5
5
6
3
1
26
1
0
1
0
0
0
24
22
0
134
25
16
1
20
4
8
3
22
13
2
3
0
24
48
9
3
124
7
3
0
18
23
1
3
1
11
12
2
1
25
3
13
0
16
24
0
2
0
3
21
23
8
3
14
22
1
26
1
30
0
3
3
1
10
13
33
3
2
26
0
3
21
23
2
0
6
1
90
2
0
24
6
3
192
2
3
35
21
3
3
9
1
116
23
1
14
104
3
63
18
0
0
0
3
2
3
1
7
1
100
50
105
21
12
6
17
2
6
55
0
19
94
0
3
8
12
109
3
3
26
4
1
1
1
19
3
3
1
1
170
19
4
10
1
2
2
3
2
26
3
2
9
3
0
30
2
2
29
1
10
12
5
14
17
18
21
4
12
1
0
113
35
9
3
1
0
0
0
49
0
4
15
20
15
4
1
53
32
2
17
3
1
49
3
7
61
2
2
12
26
29
7
8
27
0
1
2
16
14
0
2
0
0
28
23
2
2
71
3
3
16
1
1
2
744
61
2
2
2
11
0
2
0
6
0
1
12
1
2
3
0
4
7
0
1
1
2
1
6
191
0
10
0
4
3
20
1
0
0
1
47
99
6
2
29
1
13
1
3
20
809
145
1
6
15
2
1
154
4
51
3
2
8
55
21
2
2
5
4
9
3
24
1
4
1
0
163
1
0
1
3
3
6
23
64
3
1
0
0
4
0
181
3
0
1
181
5
0
7
4
5
2
7
4
23
0
2
0
17
3
3
2
3
20
11
0
3
0
6
14
20
0
2
3
21
3
2
4
2
0
0
7
2
3
9
0
19
1
163
14
8
2
3
22
3
1
5
7
1
50
3
0
2
3
30
5
1
3
25
114
1
3
0
1
3
0
42
0
2
7
3
5
1
2
0
0
0
3
3
2
13
0
2
0
0
3
98
3
24
16
0
0
9
2
45
30
27
4
1
2
2
5
1
3
103
8
4
4
0
3
20
3
7
12
15
1
2
0
25
0
6
6
29
21
27
1
1
7
2
1
16
1
106
5
2
0
26
26
0
1
2
127
911
5
20
2
1
0
1
4
0
6
9
5
2
10
0
1
4
1
3
1
57
19
24
139
6
183
0
40
1
0
2
1
13
2
97
23
10
37
0
4
25
3
4
4
7
4
2
27
12
67
2
56
2
7
0
1
19
19
1
1
30
1
1
32
0
2
2
120
0
1
5
24
5
7
1
6
0
209
0
3
3
0
4
7
0
8
4
1
1
23
1
1
3
0
2
8
0
16
4
63
23
0
0
6
2
3
0
1
13
5
6
2
4
4
12
3
2
3
0
2
2
5
17
2
34
44
119
1
60
12
1
17
5
1
3
1
2
3
0
0
2
19
6
0
2
2
1
4
8
3
4
25
24
1
1
290
2
3
1
0
11
16
2
4
36
131
116
2
5
3
6
3
16
3
6
2
24
3
5
48
14
22
5
28
2
150
1
2
3
46
1
35
1
4
0
19
1
11
3
16
24
17
0
3
29
2
10
10
2
24
7
7
1
19
0
0
0
3
3
0
2
22
3
33
5
2
0
8
2
2
3
3
4
14
6
0
0
2
94
0
26
6
0
1
2
3
6
24
0
2
2
2
0
2
2
4
3
2
3
5
2
0
3
1
2
1
7
9
6
0
1
3
2
52
14
0
1
1
174
0
3
4
3
5
2
5
1
