45 22 21 7 12 20 11 9 52 38 43 34 50 4 26 29 25 32 6 1 44 17 18 16 8 48 47 14 15 31 40 42 37 28 35 3 39 30 2 33 24 13 49 23 41 5 19 51 10 46 36 27 
23 11 7 10 22 8 16 20 21 6 2 19 13 1 3 4 14 18 17 15 9 12 5 
14 13 8 7 3 9 2 10 4 11 12 6 5 1 
11 3 16 48 22 34 53 2 24 27 43 59 38 31 28 37 50 47 39 1 35 30 44 8 19 42 20 25 23 40 56 21 46 51 18 4 29 41 17 15 54 9 57 10 32 58 33 5 12 13 7 6 14 52 26 49 36 45 55 
35 20 14 38 46 5 1 22 4 32 23 18 26 43 2 33 27 3 25 30 13 11 36 40 42 39 19 17 29 31 45 28 24 41 21 8 10 9 6 34 12 16 7 37 44 15 
2 1 5 7 8 9 10 6 4 3 
31 14 35 22 30 1 40 8 20 44 16 32 34 5 46 28 27 33 45 42 24 21 39 43 18 15 37 17 13 4 23 6 38 26 10 41 2 29 3 36 9 25 12 19 11 7 
19 18 60 58 25 30 13 31 54 8 33 29 17 41 6 20 43 22 26 5 24 7 44 40 1 15 48 35 3 23 27 2 65 46 51 50 52 36 34 4 9 10 28 32 21 42 11 45 16 47 56 55 62 61 14 53 57 66 38 39 59 12 49 64 37 63 
39 27 28 16 11 40 14 30 8 24 33 41 43 19 21 38 10 17 15 35 2 1 37 26 31 42 13 9 22 44 20 6 32 29 23 36 25 5 12 18 7 34 3 4 
7 12 23 6 9 18 3 22 21 8 19 15 13 5 17 11 16 25 14 4 24 10 20 2 1 
8 1 16 14 9 11 6 12 7 4 3 2 10 13 17 5 15 
6 4 7 2 12 8 3 1 10 5 9 11 
2 13 5 11 27 3 16 15 7 31 22 18 12 4 1 17 9 28 20 25 29 23 21 32 8 10 26 6 24 14 30 19 
26 11 30 27 41 29 23 60 2 58 12 32 33 53 13 5 35 39 70 44 14 51 42 18 25 69 65 47 57 20 52 63 16 66 10 56 37 38 62 45 31 59 48 34 7 1 36 67 9 61 3 68 54 24 6 46 15 50 8 49 22 55 4 17 43 19 71 28 40 64 21 
11 3 8 5 4 10 7 9 1 2 6 
15 11 5 23 13 9 6 2 20 1 21 14 18 17 16 10 3 4 12 8 22 7 19 
1 6 8 5 7 9 3 2 4 
14 5 42 10 63 18 23 25 40 61 16 34 11 49 6 2 43 28 50 58 32 37 38 3 69 19 17 53 48 8 56 27 31 47 41 13 45 52 12 35 67 30 70 4 36 9 33 22 15 24 64 46 59 62 21 29 51 68 1 73 65 7 39 60 55 57 20 66 72 54 71 44 26 
32 25 12 13 19 15 22 24 5 16 23 27 8 18 4 26 31 7 17 1 11 33 30 20 9 6 21 34 29 14 2 3 28 10 
35 18 2 33 34 14 17 32 29 48 4 31 15 22 5 3 26 24 43 8 13 49 9 27 46 6 38 47 19 7 51 52 37 40 42 12 16 1 21 53 30 23 28 11 10 50 36 41 44 45 39 20 25 54 
1 2 
4 3 5 2 1 
2 8 6 5 3 1 9 4 7 
43 32 58 30 13 21 23 5 15 46 12 40 1 33 42 25 26 9 2 55 52 35 22 8 56 19 38 14 4 34 18 29 44 48 54 39 27 6 49 11 28 47 20 51 16 31 36 41 50 10 3 53 45 57 7 37 17 24 
10 57 32 31 4 20 54 2 15 11 29 1 53 30 3 7 9 55 47 21 52 51 6 25 50 40 34 12 23 16 33 18 42 37 14 19 27 46 26 22 24 13 56 38 39 17 45 8 41 36 35 44 48 49 28 5 43 
1 5 9 2 7 11 3 13 21 12 16 14 4 18 19 15 8 10 17 20 6 
8 4 9 3 5 6 1 2 7 
30 11 33 5 38 24 43 44 21 45 42 36 13 34 37 32 17 6 2 22 10 14 31 16 23 15 7 9 12 25 3 20 4 41 35 39 40 28 8 27 19 26 29 18 1 
58 11 50 35 40 39 18 61 8 63 32 23 29 31 2 55 38 60 49 7 33 30 12 3 46 28 16 13 19 34 25 47 21 45 14 5 44 52 15 62 59 41 1 17 9 10 54 51 20 42 6 57 56 26 24 36 43 4 53 22 37 48 27 
4 2 3 1 5 8 7 6 
14 66 31 18 27 12 55 23 10 47 64 57 7 59 61 1 49 68 46 9 2 3 15 43 54 4 6 40 45 41 63 16 24 35 25 33 42 38 58 67 22 29 52 13 20 11 21 34 39 50 48 60 53 30 8 36 28 44 37 32 56 17 19 51 5 62 26 65 
7 2 4 1 6 5 3 
21 26 8 27 6 5 39 25 43 18 33 24 4 32 22 12 47 9 20 40 31 10 46 7 17 2 11 16 42 3 1 23 28 38 45 36 34 19 15 37 41 29 13 44 30 35 14 
1 2 
21 30 77 18 16 68 1 24 5 27 34 48 23 73 8 63 17 66 20 41 78 76 47 70 2 42 50 55 56 14 51 4 61 54 28 72 33 38 37 10 19 65 29 58 39 44 45 59 32 22 60 9 64 62 26 49 57 35 12 13 15 67 11 7 3 52 75 71 43 6 36 53 74 40 31 25 69 46 
52 48 39 28 18 34 37 33 16 38 30 14 8 45 2 4 36 29 3 21 25 31 20 13 41 50 51 11 32 1 27 17 15 43 10 19 22 44 24 5 9 40 7 12 6 26 49 47 23 35 46 42 
1 28 9 23 19 5 20 25 8 3 18 17 22 21 4 13 11 12 10 7 15 26 16 24 27 14 2 6 
5 1 6 4 2 3 7 
17 4 10 12 11 14 20 1 2 13 8 21 3 18 5 7 9 6 15 16 19 
12 7 1 11 9 2 6 3 14 13 16 10 17 15 18 4 8 5 
24 21 1 10 31 36 7 25 8 33 35 20 6 23 26 16 14 13 12 4 29 9 39 3 11 18 22 19 34 32 15 27 30 28 38 2 17 5 37 
37 47 3 16 38 18 45 41 24 28 2 8 40 49 48 19 10 15 13 39 23 25 32 36 35 14 29 46 20 44 34 30 43 17 9 12 11 31 21 1 26 7 22 5 6 27 33 42 4 
55 67 15 59 65 66 36 58 45 6 28 22 32 43 47 50 80 33 30 25 68 46 41 54 35 26 14 12 40 4 10 69 52 21 8 75 13 38 70 56 3 29 11 77 31 61 71 16 51 39 74 9 60 44 72 76 5 19 37 63 34 7 27 73 20 79 17 24 18 42 49 78 64 62 2 23 48 53 1 57 
17 4 15 24 7 14 30 38 16 25 8 35 20 11 23 50 31 29 13 32 33 2 10 6 36 28 37 45 22 9 27 41 12 26 21 43 49 18 44 42 19 1 3 48 47 34 39 40 5 46 
8 4 19 10 20 60 32 9 29 12 69 3 50 37 58 5 46 6 18 43 68 54 64 49 25 45 53 42 59 48 44 40 57 13 11 35 36 47 51 33 52 39 62 24 34 21 66 61 7 16 41 67 30 63 56 23 14 2 65 15 27 22 31 26 38 17 1 28 55 
9 5 2 1 6 12 8 7 4 11 10 3 
5 1 9 11 7 3 8 10 2 6 4 
58 39 61 54 42 40 26 24 12 14 36 63 33 47 31 38 10 46 64 37 15 59 9 29 18 19 28 53 34 66 67 4 3 45 48 22 69 2 62 1 55 51 21 43 57 17 16 27 6 52 68 49 5 60 35 44 20 32 7 50 65 11 41 23 8 13 25 56 30 
66 48 45 60 16 39 32 53 46 64 27 55 41 63 65 37 47 5 73 13 14 6 74 58 72 4 77 40 24 30 20 26 28 21 10 3 62 69 15 18 42 78 61 49 67 51 34 17 70 76 52 1 36 2 56 8 9 44 50 25 23 29 12 43 22 7 54 35 71 75 57 33 68 38 11 19 31 59 
33 1 30 9 10 34 17 29 25 8 37 40 48 18 21 19 43 2 27 7 31 4 23 6 46 38 24 11 3 14 15 32 35 45 39 20 28 36 5 12 13 42 44 16 41 22 49 26 47 
3 1 2 
18 38 14 15 10 33 23 22 41 34 28 17 11 8 30 27 5 16 35 2 37 9 3 6 20 13 36 29 7 25 40 21 19 12 39 24 1 31 4 32 26 42 
8 12 13 7 5 10 9 1 11 2 4 6 3 
8 38 2 16 24 17 18 28 43 15 34 11 25 46 20 45 35 10 21 37 40 19 4 26 14 7 44 32 22 36 41 42 27 13 30 1 31 33 23 3 9 29 39 5 6 12 
5 4 3 2 6 1 
71 79 53 67 4 56 57 76 75 34 45 16 51 24 52 3 47 78 74 68 69 1 48 44 26 30 58 11 17 28 36 77 37 18 66 5 41 9 23 73 21 63 59 39 70 40 35 25 42 29 27 65 13 64 22 46 2 19 6 14 20 31 62 8 10 38 50 32 60 61 43 55 54 15 12 49 7 33 72 
33 29 62 2 42 51 11 61 15 54 18 30 19 45 39 64 3 44 24 53 67 60 5 28 47 35 14 21 17 63 57 58 52 59 6 4 48 56 20 7 12 32 23 22 10 16 66 26 65 1 36 8 9 46 31 50 43 13 25 68 40 55 27 37 41 38 49 34 69 
23 8 14 21 16 6 17 22 3 1 15 7 9 11 4 19 13 2 18 5 12 10 20 
32 42 2 39 12 24 19 27 5 18 31 36 25 7 17 6 15 9 21 10 46 29 28 35 47 1 41 37 11 22 16 26 45 23 14 43 13 3 48 40 30 4 44 34 8 38 33 20 
21 31 35 10 15 11 9 5 34 6 20 28 19 36 30 26 3 17 24 8 23 18 12 33 32 7 1 13 14 4 2 16 27 29 22 25 
1 
2 3 1 
2 1 13 5 20 16 22 6 17 9 4 23 26 28 14 21 24 3 27 11 18 19 8 25 30 10 15 7 31 12 29 
11 5 31 56 67 1 50 73 3 30 35 33 42 46 71 61 7 62 26 36 25 66 15 44 8 13 34 70 17 74 21 14 16 6 57 51 24 41 49 9 75 63 55 53 72 76 39 38 37 19 64 48 69 54 20 18 58 2 45 4 32 29 65 47 68 12 40 23 10 43 28 27 60 52 59 22 
27 14 1 3 38 4 41 42 59 46 37 56 15 24 10 53 44 20 8 50 5 30 7 32 33 45 31 36 26 17 6 51 62 28 21 40 29 22 2 16 13 57 39 52 48 49 25 9 47 11 54 23 58 34 55 35 60 43 12 61 19 18 
45 6 53 61 44 28 62 54 26 11 42 22 23 2 15 37 10 43 30 40 49 35 59 29 27 63 34 13 57 48 50 19 12 17 20 60 25 21 33 18 55 7 1 58 16 14 47 41 8 36 3 64 46 31 39 52 5 51 24 4 9 38 32 56 
13 58 52 40 4 23 6 51 25 32 57 10 34 62 38 20 53 42 11 1 43 54 55 59 17 39 50 33 56 2 27 5 3 14 8 35 31 46 61 30 7 60 18 48 44 63 12 15 36 28 16 24 9 41 45 47 29 49 19 26 37 22 21 
38 25 27 13 36 3 6 4 43 40 17 26 29 33 1 34 32 39 8 20 19 15 10 24 41 14 31 37 16 11 44 12 18 7 30 21 22 28 45 2 35 42 23 5 9 
9 46 56 29 19 35 5 36 37 15 1 48 14 50 26 4 49 33 39 21 12 31 24 13 30 28 55 45 2 8 23 47 6 44 22 17 43 41 51 27 10 3 52 34 11 25 16 32 42 53 20 18 38 7 40 54 
3 63 33 59 4 9 34 45 76 39 30 48 67 13 52 61 5 31 43 29 15 6 7 73 57 21 74 62 56 38 17 60 27 66 41 25 72 49 65 36 8 1 24 47 75 69 68 14 58 2 16 19 70 55 37 23 53 40 26 10 44 20 46 64 32 54 22 18 28 71 42 11 12 50 35 51 
10 33 46 6 26 62 25 7 63 24 41 1 21 3 11 9 37 15 8 18 55 52 12 35 48 29 13 47 53 19 23 44 16 56 54 2 20 45 60 40 31 57 17 4 42 5 59 61 34 27 38 58 28 14 43 30 22 36 32 51 50 49 39 
16 35 26 38 32 14 36 42 41 2 44 13 4 22 37 45 24 15 6 33 23 34 11 28 43 9 5 10 7 17 46 27 20 8 25 18 39 47 21 19 31 12 29 1 40 3 30 
36 29 13 67 7 55 44 41 35 56 48 17 66 42 21 60 23 33 19 59 70 15 8 28 58 57 20 11 22 53 71 74 16 18 51 31 68 72 65 5 9 43 30 24 27 2 37 69 61 34 14 26 39 46 49 38 10 40 12 75 45 6 73 64 32 50 25 52 47 63 54 1 4 3 62 
15 22 10 14 2 31 23 35 30 29 9 17 4 19 11 5 28 33 24 32 3 36 27 1 6 18 21 25 12 7 26 20 34 8 13 16 
20 16 13 22 42 3 12 36 5 9 1 55 48 44 11 21 28 43 6 26 33 49 10 19 51 24 47 52 34 35 45 23 31 38 39 17 37 53 15 2 14 4 50 29 7 32 27 54 46 18 40 41 30 8 25 
48 69 27 36 22 17 64 42 71 39 29 45 23 54 2 13 5 49 53 24 25 52 15 43 63 9 68 3 16 65 35 12 31 10 58 50 72 34 14 61 70 62 47 4 59 19 66 57 8 28 11 60 41 40 51 26 18 7 33 38 67 6 55 20 21 56 37 44 32 1 30 46 
36 27 20 28 43 9 11 13 21 45 46 38 15 39 12 52 4 31 1 40 56 35 14 2 61 58 29 33 24 5 25 16 32 53 3 17 23 59 57 50 62 42 8 7 51 30 26 10 49 22 60 6 55 37 34 18 41 44 54 19 47 48 63 
3 2 5 7 1 11 8 12 6 9 10 4 
56 13 9 57 46 61 48 11 17 40 16 21 28 44 15 51 39 35 19 25 14 75 59 66 55 69 4 67 27 2 63 42 70 53 43 12 71 47 6 26 52 34 38 72 24 33 54 45 32 23 7 68 3 31 60 73 62 37 5 64 22 1 36 29 49 58 8 10 30 20 50 76 74 65 41 18 
2 18 11 23 13 26 31 12 25 7 1 19 15 8 27 30 35 4 33 36 17 3 28 29 21 14 20 16 24 22 5 9 34 6 10 32 
1 10 20 3 19 8 11 15 18 22 5 16 23 2 14 21 6 12 4 7 9 17 13 
16 11 30 22 7 14 1 20 18 28 5 32 27 17 2 10 25 4 13 24 21 19 3 29 8 23 15 26 12 9 6 31 
29 18 46 6 13 8 32 15 50 55 22 56 44 51 54 9 33 30 20 2 47 39 31 49 23 7 21 45 36 14 4 19 24 28 41 10 11 34 52 12 26 16 27 53 42 58 25 3 40 35 57 43 48 59 5 37 1 38 17 
13 6 15 10 9 16 11 21 22 4 19 25 7 5 3 17 23 14 2 8 12 18 20 24 1 
23 2 29 10 5 7 21 26 30 17 28 16 18 13 9 11 4 14 20 27 19 24 1 12 22 31 3 8 15 6 25 
26 25 17 32 12 30 35 49 48 8 52 5 42 18 44 21 41 46 14 47 40 6 7 24 28 34 50 4 20 29 39 9 10 16 1 19 31 13 53 11 38 33 3 45 37 27 22 2 15 23 51 36 43 
3 4 1 5 2 6 
4 15 2 21 11 6 19 10 18 3 1 13 16 8 25 5 7 9 17 14 24 20 22 23 12 
43 45 39 24 5 14 55 12 47 11 20 18 7 8 51 22 36 46 26 32 31 38 28 42 4 25 19 10 35 9 52 37 13 23 53 2 57 44 49 40 41 58 50 16 21 1 3 29 48 54 6 27 15 56 34 30 59 17 33 
1 
12 16 10 11 7 14 6 2 15 3 9 13 5 1 4 17 8 
