414432835
71501248
14125500
379737938
289356666
520112670
170010714
784322759
332171072
157751688
281812500
794503919
116233064
242703255
552857270
242981455
144071700
133266124
558301992
67781550
19424447
25945633
259993855
427928487
163547222
203573653
135321243
54106294
361930689
153228216
70634345
150181656
124400234
555564188
300671256
288869156
397919382
27203756
956703603
490858855
12460680
14091180
401237634
928791356
68408133
84643867
473690856
23890760
281419405
769420534
443512123
294269784
106352240
239277188
180742926
84817284
91455736
576228993
146073935
231184955
790784823
118149520
392653
590107131
